<path class="fil0" d="M3850.55 6702.04c-53.95,363.88 -146.67,797.17 -214.8,1124.37 -223.71,1074.22 -438.03,2267.7 -644.31,3353.43 -142.11,747.97 -294.7,1488.93 -430.74,2238.59 -230.15,1268.27 -373.74,1231.67 345.54,966.31 583.17,-215.16 1443.59,-444.81 2058.95,-610.84 71.76,-19.37 205.1,-45.25 262.51,-69.13 91.22,-37.93 83.23,-118.79 100.16,-231.47l184.12 -1157.42c62.56,-379.2 124.25,-762.73 185.9,-1141.99 213.3,-1312.39 442.98,-2718.68 638.82,-4036.77 55.76,-375.28 28.8,-439.13 228.05,-438.6 890.07,2.35 1780.29,-1.29 2670.36,0.1 110.01,0.17 238.44,6.31 346.29,-0.15 111.58,-6.68 147.02,-60.76 162.29,-168.2 27.81,-195.76 52.63,-387.07 82.04,-580.31 42.5,-279.29 170.47,-926.69 103.37,-1170.44 -90.39,-328.32 -362.31,-561.31 -780.54,-560.82l-6667.11 0.72c-447.17,0.25 -894.96,1.55 -1342.07,-0.67 -524.09,-2.6 -471.18,179.53 -565.59,761.39 -38.35,236.37 -191.35,968.43 -160.74,1166.67 27.32,176.96 133.47,334.08 245.13,415.14 161.57,117.29 286.96,137.17 524.49,137.13 277.44,-0.05 2451.66,-15.44 2667.9,2.96z"/>
   <path class="fil0" d="M9581.13 10843.18c-83.6,34.74 -516.5,14.12 -649.13,15.6 -150.79,1.69 -219.47,27.06 -138.32,-125.59 156.25,-293.91 413,-883.5 547.42,-1111.3 35.68,69.68 251.58,1157.13 240.03,1221.29zm2256.94 1853.98c28.87,-115.46 -84.08,-518.78 -113.7,-663.3 -44.96,-219.32 -91.93,-435.76 -140.51,-653.72l-852.7 -3966.44c-5.98,-27.87 -12.8,-55.84 -18.76,-84.6 -11.09,-53.51 -22.91,-109.15 -34.61,-164.64 -26.31,-124.87 -18.53,-237.39 -143.14,-250.13 -216.12,-22.11 -563.47,-0.07 -794.47,-0.69 -133.69,-0.36 -702.31,-22.18 -771.86,25.87 -42.29,29.22 -500.38,875.34 -572.41,1000.82l-837.3 1515.07c-258.03,472.29 -601.66,1072.65 -841.21,1538.96l-1097.58 2048.99c-379.27,744.79 -137.05,595.75 131.06,535.37 110.33,-24.85 211.44,-46.06 319.57,-69.88l1312.72 -262.43c117.25,-20.54 227.31,-9.63 277.53,-109.95l188.98 -403.17c19.63,-46.7 39.35,-84.45 63.67,-137.4 36.39,-79.25 65.35,-215.04 166.39,-226.67 206.69,-23.78 554.2,1.68 780.15,-2.77 264.13,-5.19 530.08,5.21 793.75,2.64 210.98,-2.05 172.76,-6.45 210.79,185.04 19.26,96.96 37.29,238.84 77.79,307.6 103.91,25.07 798.93,-63.9 952.81,-78.32 192.36,-18.02 822.18,-46.17 943.03,-86.26z"/>
   <path class="fil0" d="M15080.05 6954.6c-1292.9,82.45 -2203.82,720.08 -2731.54,1416.67 -611.34,806.95 -1029.56,1952.51 -526.42,3174.66 110.77,269.05 223,442.65 369.82,654.89 92.88,134.28 250.59,301.42 374.48,404.87 83.13,69.42 92.97,50.1 218.7,45.66 1246.41,-43.98 2258.89,-42.09 3475.83,116.82 210.26,27.46 240.43,-29.04 376,-122.6 184.46,-127.3 425.14,-311.52 569.56,-468.76 94.05,-102.41 207.65,-172 53.25,-324.78l-816.13 -728.23c-60.27,-53.04 -218.74,-217.19 -278.58,-241.21 -177.43,-71.2 -282.73,66.2 -362.8,134.44 -342.75,292.08 -956.66,586.84 -1570.29,355.85 -1033.36,-388.98 -878.81,-1952.91 268.1,-2479.64 913.54,-419.55 1418.03,124.28 1596.11,154.12 160.14,26.83 256.91,-92.02 349.46,-157.46l1164.94 -898.77c122.68,-175.36 -315.18,-456.27 -447.59,-545.24 -99,-66.52 -210.59,-134.85 -331.58,-187.9 -557.64,-244.46 -1050.99,-348.04 -1751.31,-303.39z"/>
   <path class="fil0" d="M-0 15779.45c118.71,24.93 792.81,-231.88 969.85,-286.38 1052.86,-324.11 1931.52,-579.76 3031.72,-820.79 1430.19,-313.34 2892.15,-582.24 4385.04,-754.21 2194.34,-252.77 5019.2,-364.73 7227.78,10.57 1301.69,221.2 1243.05,397.91 1342.03,-140.44 129.29,-703.21 208.04,-656.57 -323.11,-760.22 -505.87,-98.72 -1192.06,-168.66 -1708.24,-209.95 -794.9,-63.59 -1705.86,-51.49 -2500.06,-10.48 -3032.19,156.57 -5932.85,597.36 -8797.49,1475.34 -925.64,283.7 -2364.27,797.48 -3246.56,1242.64 -125.42,63.28 -371.07,158.31 -380.96,253.92z"/>
   <path class="fil0" d="M9476.76 12.24c-387.72,83.54 -428.55,601.3 -140.27,772.08 151.15,89.54 358.01,61.82 554.95,83.42 189.21,20.76 379.68,55.54 549.15,97.32 685.69,169.05 1292.34,523.11 1688.58,893.61 59.61,55.74 109.27,88.1 168.23,149.53 383.98,400.06 686.1,810.03 894.36,1356.89 333.73,876.32 194.97,1420.08 322,1611.2 83.24,125.24 242.11,210.33 460.35,172.7 401.19,-69.17 346.91,-539.48 300.92,-933.72 -101.09,-866.57 -412,-1615.36 -924.31,-2293.54 -48.65,-64.4 -88.21,-112.37 -140.96,-176.42 -640.59,-777.67 -1568.01,-1365.72 -2573.64,-1610.58 -229.42,-55.86 -926.5,-172.68 -1159.36,-122.5z"/>
   <path class="fil0" d="M9451.92 1399.5c-306.71,80.25 -352.4,410.21 -261.82,598.97 130.35,271.66 358.36,204.57 682.43,256.49 733.59,117.53 1346.77,536.87 1726.14,1086.81 124.07,179.85 232.66,386.36 312.29,626.1 100.04,301.2 101.27,488.59 124.92,814.12 18.97,261.16 250.99,432.75 547.59,361.86 275.11,-65.76 315.41,-312.87 296.58,-628.33 -16.41,-274.93 -70.61,-549.58 -147.22,-791.38 -155.86,-491.92 -409.61,-887.5 -681.96,-1194.83 -164.96,-186.15 -284.67,-288.1 -486.16,-452.43 -328.46,-267.88 -834.46,-506.19 -1269.68,-607.49 -198.07,-46.1 -648.57,-120.79 -843.1,-69.89z"/>
   <path class="fil0" d="M9478.5 2783.44c-335.06,56.77 -466.93,472.05 -229.4,714.55 222.13,226.76 371.73,7.21 859.62,323.82 200.69,130.23 407.25,380.42 477.62,688.71 40.64,178.05 1.55,350.95 106.19,487.52 175.61,229.2 617.86,232.52 745.99,-104.58 59.64,-156.93 19.1,-399.34 -11.66,-541.33 -71.2,-328.61 -198.82,-596.43 -373.7,-811.07 -170.48,-209.24 -356.65,-383.23 -636.89,-531.84 -201.13,-106.66 -659.53,-272.94 -937.78,-225.8z"/>
   <path class="fil0" d="M15675.36 16661.19c51.15,-105.63 24.61,-656.01 24.21,-828.57 44.9,46.05 190.92,399.75 214.83,453.05 35.56,79.24 70.18,153.82 103.6,228.16 41.37,92.02 51.78,165.91 157.97,160.21 98.56,-5.29 116.62,-110.05 150.46,-183.82 46.47,-101.31 281.69,-633.13 306.72,-652.91 -2.05,135.65 -18.86,720.58 10.9,802.38 58.42,45.75 152.58,43.79 248.8,26.56 67.12,-71.34 42.64,-234.21 42.38,-368.53 -0.26,-134.68 0.63,-269.4 0.14,-404.07 -0.49,-134.66 -0.49,-269.4 -0.41,-404.07 0.1,-172.06 30.75,-303.86 -70.86,-323.18 -25.9,-4.93 -166.57,-5.42 -193.89,-1.51 -65.24,9.36 -75.81,31.94 -103.01,95.88l-253.51 553.53c-25.1,51.43 -41.65,85.07 -65.8,136.6 -22.65,48.32 -36.61,98.39 -71.53,134.72 -48.4,-59.46 -241.06,-489.21 -288.07,-595.99 -24.24,-55.06 -110.02,-251.7 -145.01,-288.54 -63.18,-66.53 -288.39,-57.98 -338.57,10.23 -20.18,42.46 -7.26,939.21 -6.95,1115.25 0.38,213.19 -81.6,428.52 277.59,334.61z"/>
   <path class="fil0" d="M13118.1 15994.68c-79.91,-660.33 785.74,-761.25 867.41,-144.7 86.17,650.48 -791.34,773.28 -867.41,144.7zm-312.35 57.72c124.28,958.68 1622.7,850.74 1490.64,-257.96 -48.82,-409.86 -393.32,-721.37 -875.08,-647.33 -228.51,35.12 -376.01,147.71 -475.74,286.51 -105.2,146.4 -171.03,378.02 -139.82,618.79z"/>
   <path class="fil0" d="M9206.23 15449.99c96.98,0.38 292.74,32.83 315.85,-63.55 36.84,-153.6 3.36,-222.04 -142.68,-222.38 -888.35,-2.99 -773.83,-59.17 -774.12,282.24l-0.58 966.87c-0.2,144.59 -21.48,202.59 43.34,244.22 51.24,32.91 535.12,16.38 615.91,16.33 163.54,-0.11 280.11,48.8 280,-130.67 -0.11,-144.58 -8.55,-149.84 -135.69,-150.04l-487.52 -0.33 2.32 -349.6 384.18 -1.01c119.58,0.47 146.02,-9.24 148.09,-133.72 1.71,-103.11 -6.05,-147.62 -119.23,-147.54l-419.13 1.24 5.51 -311.38 283.74 -0.67z"/>
   <path class="fil0" d="M4863.78 15450.61c88.05,-0.06 503.07,10.61 552.23,-13.55 59.39,-29.19 60.21,-146.69 40.64,-210.85 -24.09,-79.02 -101.61,-62.96 -204.49,-62.95l-202.03 0.33c-502.88,0.47 -502.65,-59.15 -502.66,210.55l-0.08 822.56c0.72,493.81 -48.25,476.64 228.55,477.55 147.12,0.49 600.46,8.72 681.81,-14.37 26.11,-59.81 52.81,-191.37 -12.64,-253.68 -40.18,-26.61 -446.56,-6.72 -587.45,-18.6 -0.8,-424.42 -30.64,-345.49 178.04,-345.83 75.95,-0.12 288.77,22.38 331.95,-32.66 21.82,-38.76 26.96,-153.82 4.52,-204.12 -53.35,-61.79 -86.85,-42.92 -177.73,-42.62l-337.67 0.97 7.01 -312.73z"/>
   <path class="fil0" d="M11788.4 15404.72c118.25,-186.29 -355.49,-318.18 -672.42,-241.86 -854.23,205.7 -717.73,1644.76 298.61,1536.87 153.55,-16.3 505.32,-101.06 367.15,-293.3 -132.58,-184.46 -145.36,-63.04 -317.06,-16.32 -571.04,155.38 -784.44,-611.5 -381.42,-884.87 105.02,-71.23 251.62,-93.65 393.42,-47.83 147.05,47.52 187.03,143.73 311.72,-52.68z"/>
   <path class="fil0" d="M2356.98 15191.85c-28.47,32.16 -30.84,157.95 -15.04,206.46 29.61,90.96 303.64,50.63 409.61,52.59 25.1,249.16 -37.79,1149.24 32.93,1206.88 64.59,31.87 185.59,20.06 249.94,3.25 64.7,-137.92 0.01,-963.95 27.12,-1210.96 101.37,-0.43 347.46,37.67 399.6,-36.04 37.7,-42.13 32.89,-168.82 4.41,-214.13 -27.04,-31.39 -28.07,-33.49 -89.02,-35.97l-346.72 0.37c-85.71,-0.35 -624.76,-26.75 -672.82,27.56z"/>
   <path class="fil0" d="M6923.41 15201.31c-43.86,-37.59 -213.56,-65.37 -271.28,-14.91 -49.7,43.46 -27.74,242.35 -27.69,317.61 0.15,226.08 -0.06,452.17 0.14,678.25 0.47,542.63 -41.05,490.92 200.51,491.06 117.82,0.07 592.44,17.52 663.86,-13.49 56.57,-63.25 49.6,-197.66 -1.6,-257.64 -136.19,-33.61 -396.24,9.69 -551.18,-13.62 -25.69,-267.72 25.65,-1011.08 -12.77,-1187.28z"/>